0 0.019290
1 0.019238
2 0.019186
3 0.019194
4 0.019496
5 0.019445
6 0.018225
7 0.019371
8 0.020178
9 0.020174
10 0.019954
11 0.018555
12 0.018831
13 0.019316
14 0.019589
15 0.019392
16 0.019811
17 0.019627
18 0.019428
19 0.019123
20 0.019356
21 0.019861
22 0.019592
23 0.017540
24 0.019331
25 0.019612
26 0.019081
27 0.019531
28 0.018867
29 0.019514
30 0.019887
31 0.020199
32 0.019637
33 0.019660
34 0.019692
35 0.020730
36 0.021671
37 0.019779
38 0.021329
39 0.022776
40 0.021043
41 0.017727
42 0.019031
43 0.018987
44 0.018952
45 0.019166
46 0.019353
47 0.019562
48 0.019807
49 0.019992
50 0.020126
51 0.020058
52 0.020118
53 0.020421
54 0.020424
55 0.020209
56 0.020617
57 0.023141
58 0.020597
59 0.020775
60 0.020480
61 0.019951
62 0.019994
63 0.020703
64 0.021709
65 0.021238
66 0.021128
67 0.020439
68 0.020657
69 0.021139
70 0.021492
71 0.020856
72 0.021313
73 0.020945
74 0.023193
75 0.021379
76 0.021488
77 0.021470
78 0.021594
79 0.021365
80 0.022033
81 0.021675
82 0.021503
83 0.022204
84 0.022284
85 0.022176
86 0.022213
87 0.022336
88 0.021230
89 0.022766
90 0.022548
91 0.024267
92 0.023126
93 0.022772
94 0.022760
95 0.022615
96 0.023189
97 0.023617
98 0.023508
99 0.023274
100 0.022962
101 0.023676
102 0.023489
103 0.023630
104 0.023732
105 0.023492
106 0.023191
107 0.024849
108 0.024829
109 0.024024
110 0.024422
111 0.024893
112 0.024926
113 0.024816
114 0.025232
115 0.025171
116 0.025004
117 0.025347
118 0.025865
119 0.026681
120 0.026583
121 0.026198
122 0.026467
123 0.026533
124 0.026311
125 0.027067
126 0.027128
127 0.027211
128 0.026962
129 0.026829
130 0.026959
131 0.027260
132 0.027742
133 0.027920
134 0.028120
135 0.026914
136 0.029118
137 0.029767
138 0.029175
139 0.029738
140 0.027864
141 0.028364
142 0.029747
143 0.029624
144 0.029661
145 0.029970
146 0.030291
147 0.029764
148 0.030603
149 0.030992
150 0.030731
151 0.030428
152 0.030914
153 0.029877
154 0.031621
155 0.031990
156 0.032645
157 0.032035
158 0.032826
159 0.033595
160 0.032974
161 0.032534
162 0.032965
163 0.033566
164 0.034303
165 0.034345
166 0.033891
167 0.035264
168 0.036872
169 0.036294
170 0.036581
171 0.036659
172 0.036813
173 0.036786
174 0.037078
175 0.037164
176 0.038027
177 0.037898
178 0.037833
179 0.038707
180 0.038601
181 0.038861
182 0.038913
183 0.039655
184 0.040805
185 0.041496
186 0.043192
187 0.041405
188 0.041506
189 0.042007
190 0.042041
191 0.042551
192 0.042118
193 0.042965
194 0.046645
195 0.044414
196 0.043776
197 0.045440
198 0.044847
199 0.046083
200 0.046637
201 0.048919
202 0.047530
203 0.047913
204 0.048681
205 0.049006
206 0.049508
207 0.050254
208 0.050597
209 0.050932
210 0.051746
211 0.052438
212 0.053791
213 0.054390
214 0.054946
215 0.057166
216 0.054684
217 0.052523
218 0.052389
219 0.055708
220 0.056400
221 0.055965
222 0.057442
223 0.057879
224 0.059236
225 0.060464
226 0.060835
227 0.061737
228 0.061854
229 0.062874
230 0.064545
231 0.063984
232 0.064556
233 0.065627
234 0.066782
235 0.068259
236 0.069432
237 0.069679
238 0.069786
239 0.071513
240 0.073030
241 0.072978
242 0.073301
243 0.075124
244 0.076384
245 0.077155
246 0.075921
247 0.081270
248 0.081593
249 0.080955
250 0.082777
251 0.083296
252 0.085414
253 0.086077
254 0.087243
255 0.088301
256 0.089684
257 0.091232
258 0.092030
259 0.093714
260 0.095422
261 0.097321
262 0.098812
263 0.101338
264 0.102443
265 0.103212
266 0.105038
267 0.105507
268 0.106073
269 0.108561
270 0.110563
271 0.113236
272 0.115073
273 0.116419
274 0.118162
275 0.119787
276 0.120802
277 0.124016
278 0.128515
279 0.127372
280 0.130242
281 0.125983
282 0.134396
283 0.136992
284 0.140383
285 0.142068
286 0.145562
287 0.148502
288 0.150177
289 0.152941
290 0.155911
291 0.158976
292 0.163091
293 0.165650
294 0.169856
295 0.172984
296 0.180067
297 0.175587
298 0.180827
299 0.185656
300 0.189129
301 0.192482
302 0.196718
303 0.200207
304 0.205459
305 0.209451
306 0.211418
307 0.217929
308 0.223405
309 0.227609
310 0.234145
311 0.246579
312 0.244985
313 0.253930
314 0.255347
315 0.260235
316 0.266308
317 0.270320
318 0.278757
319 0.284954
320 0.294767
321 0.302917
322 0.305800
323 0.312860
324 0.321826
325 0.331079
326 0.338808
327 0.347801
328 0.357687
329 0.368646
330 0.376481
331 0.387151
332 0.397014
333 0.408120
334 0.417402
335 0.430538
336 0.439466
337 0.454051
338 0.467066
339 0.479759
340 0.495180
341 0.513165
342 0.525305
343 0.537437
344 0.554400
345 0.585915
346 0.600927
347 0.615757
348 0.636577
349 0.655973
350 0.676243
351 0.697462
352 0.725683
353 0.752787
354 0.777283
355 0.802190
356 0.831704
357 0.861455
358 0.891054
359 0.925722
360 0.961234
361 0.997671
362 1.040689
363 1.080588
364 1.124326
365 1.168830
366 1.217666
367 1.271467
368 1.335906
369 1.389508
370 1.427312
371 1.506313
372 1.584305
373 1.654947
374 1.737337
375 1.810630
376 1.916226
377 2.003552
378 2.116554
379 2.218462
380 2.342683
381 2.465849
382 2.606765
383 2.752052
384 2.917564
385 3.086834
386 3.280473
387 3.482036
388 3.714184
389 3.958581
390 4.230013
391 4.531373
392 4.863528
393 5.212050
394 5.633936
395 6.048698
396 6.553929
397 7.091865
398 7.736569
399 8.419317
400 9.255369
401 10.116179
402 11.193384
403 12.333981
404 13.807083
405 15.350476
406 17.370326
407 19.501671
408 22.405981
409 25.520213
410 29.857583
411 34.593516
412 41.612194
413 49.241979
414 61.470262
415 75.009891
416 99.024420
417 126.357258
418 184.070518
419 252.603960
420 454.806964
421 715.776174
422 2910.519550
423 10685.616721
424 16409.910070
425 10820.934471
426 3001.197665
427 761.034899
428 491.098164
429 279.819051
430 207.483433
431 145.837332
432 116.322174
433 90.182174
434 75.272508
435 61.727876
436 53.138599
437 45.208467
438 39.784872
439 34.709163
440 31.085455
441 27.673247
442 25.114915
443 22.668913
444 20.803304
445 19.028865
446 17.601151
447 16.236832
448 15.140146
449 14.082689
450 13.228351
451 12.392813
452 11.695932
453 11.011385
454 10.433862
455 9.891939
456 9.418828
457 8.951038
458 8.576065
459 8.185305
460 7.849792
461 7.521745
462 7.235330
463 6.962089
464 6.719391
465 6.483713
466 6.275375
467 6.063168
468 5.876181
469 5.699020
470 5.533614
471 5.382680
472 5.253211
473 5.091557
474 4.977909
475 4.859764
476 4.753007
477 4.642309
478 4.550109
479 4.457201
480 4.363877
481 4.277247
482 4.207008
483 4.134058
484 4.064103
485 3.996557
486 3.942141
487 3.881869
488 3.830533
489 3.778443
490 3.730296
491 3.672864
492 3.637067
493 3.601135
494 3.566501
495 3.524215
496 3.500057
497 3.474188
498 3.445178
499 3.419736
500 3.397587
501 3.370050
502 3.350651
503 3.331759
504 3.314921
505 3.312147
506 3.294467
507 3.283832
508 3.279572
509 3.272135
510 3.269278
511 3.265092
512 0.000000
513 0.000000
514 0.000000
515 0.000000
516 0.000000
517 0.000000
518 0.000000
519 0.000000
520 0.000000
521 0.000000
522 0.000000
523 0.000000
524 0.000000
525 0.000000
526 0.000000
527 0.000000
528 0.000000
529 0.000000
530 0.000000
531 0.000000
532 0.000000
533 0.000000
534 0.000000
535 0.000000
536 0.000000
537 0.000000
538 0.000000
539 0.000000
540 0.000000
541 0.000000
542 0.000000
543 0.000000
544 0.000000
545 0.000000
546 0.000000
547 0.000000
548 0.000000
549 0.000000
550 0.000000
551 0.000000
552 0.000000
553 0.000000
554 0.000000
555 0.000000
556 0.000000
557 0.000000
558 0.000000
559 0.000000
560 0.000000
561 0.000000
562 0.000000
563 0.000000
564 0.000000
565 0.000000
566 0.000000
567 0.000000
568 0.000000
569 0.000000
570 0.000000
571 0.000000
572 0.000000
573 0.000000
574 0.000000
575 0.000000
576 0.000000
577 0.000000
578 0.000000
579 0.000000
580 0.000000
581 0.000000
582 0.000000
583 0.000000
584 0.000000
585 0.000000
586 0.000000
587 0.000000
588 0.000000
589 0.000000
590 0.000000
591 0.000000
592 0.000000
593 0.000000
594 0.000000
595 0.000000
596 0.000000
597 0.000000
598 0.000000
599 0.000000
600 0.000000
601 0.000000
602 0.000000
603 0.000000
604 0.000000
605 0.000000
606 0.000000
607 0.000000
608 0.000000
609 0.000000
610 0.000000
611 0.000000
612 0.000000
613 0.000000
614 0.000000
615 0.000000
616 0.000000
617 0.000000
618 0.000000
619 0.000000
620 0.000000
621 0.000000
622 0.000000
623 0.000000
624 0.000000
625 0.000000
626 0.000000
627 0.000000
628 0.000000
629 0.000000
630 0.000000
631 0.000000
632 0.000000
633 0.000000
634 0.000000
635 0.000000
636 0.000000
637 0.000000
638 0.000000
639 0.000000
640 0.000000
641 0.000000
642 0.000000
643 0.000000
644 0.000000
645 0.000000
646 0.000000
647 0.000000
648 0.000000
649 0.000000
650 0.000000
651 0.000000
652 0.000000
653 0.000000
654 0.000000
655 0.000000
656 0.000000
657 0.000000
658 0.000000
659 0.000000
660 0.000000
661 0.000000
662 0.000000
663 0.000000
664 0.000000
665 0.000000
666 0.000000
667 0.000000
668 0.000000
669 0.000000
670 0.000000
671 0.000000
672 0.000000
673 0.000000
674 0.000000
675 0.000000
676 0.000000
677 0.000000
678 0.000000
679 0.000000
680 0.000000
681 0.000000
682 0.000000
683 0.000000
684 0.000000
685 0.000000
686 0.000000
687 0.000000
688 0.000000
689 0.000000
690 0.000000
691 0.000000
692 0.000000
693 0.000000
694 0.000000
695 0.000000
696 0.000000
697 0.000000
698 0.000000
699 0.000000
700 0.000000
701 0.000000
702 0.000000
703 0.000000
704 0.000000
705 0.000000
706 0.000000
707 0.000000
708 0.000000
709 0.000000
710 0.000000
711 0.000000
712 0.000000
713 0.000000
714 0.000000
715 0.000000
716 0.000000
717 0.000000
718 0.000000
719 0.000000
720 0.000000
721 0.000000
722 0.000000
723 0.000000
724 0.000000
725 0.000000
726 0.000000
727 0.000000
728 0.000000
729 0.000000
730 0.000000
731 0.000000
732 0.000000
733 0.000000
734 0.000000
735 0.000000
736 0.000000
737 0.000000
738 0.000000
739 0.000000
740 0.000000
741 0.000000
742 0.000000
743 0.000000
744 0.000000
745 0.000000
746 0.000000
747 0.000000
748 0.000000
749 0.000000
750 0.000000
751 0.000000
752 0.000000
753 0.000000
754 0.000000
755 0.000000
756 0.000000
757 0.000000
758 0.000000
759 0.000000
760 0.000000
761 0.000000
762 0.000000
763 0.000000
764 0.000000
765 0.000000
766 0.000000
767 0.000000
768 0.000000
769 0.000000
770 0.000000
771 0.000000
772 0.000000
773 0.000000
774 0.000000
775 0.000000
776 0.000000
777 0.000000
778 0.000000
779 0.000000
780 0.000000
781 0.000000
782 0.000000
783 0.000000
784 0.000000
785 0.000000
786 0.000000
787 0.000000
788 0.000000
789 0.000000
790 0.000000
791 0.000000
792 0.000000
793 0.000000
794 0.000000
795 0.000000
796 0.000000
797 0.000000
798 0.000000
799 0.000000
800 0.000000
801 0.000000
802 0.000000
803 0.000000
804 0.000000
805 0.000000
806 0.000000
807 0.000000
808 0.000000
809 0.000000
810 0.000000
811 0.000000
812 0.000000
813 0.000000
814 0.000000
815 0.000000
816 0.000000
817 0.000000
818 0.000000
819 0.000000
820 0.000000
821 0.000000
822 0.000000
823 0.000000
824 0.000000
825 0.000000
826 0.000000
827 0.000000
828 0.000000
829 0.000000
830 0.000000
831 0.000000
832 0.000000
833 0.000000
834 0.000000
835 0.000000
836 0.000000
837 0.000000
838 0.000000
839 0.000000
840 0.000000
841 0.000000
842 0.000000
843 0.000000
844 0.000000
845 0.000000
846 0.000000
847 0.000000
848 0.000000
849 0.000000
850 0.000000
851 0.000000
852 0.000000
853 0.000000
854 0.000000
855 0.000000
856 0.000000
857 0.000000
858 0.000000
859 0.000000
860 0.000000
861 0.000000
862 0.000000
863 0.000000
864 0.000000
865 0.000000
866 0.000000
867 0.000000
868 0.000000
869 0.000000
870 0.000000
871 0.000000
872 0.000000
873 0.000000
874 0.000000
875 0.000000
876 0.000000
877 0.000000
878 0.000000
879 0.000000
880 0.000000
881 0.000000
882 0.000000
883 0.000000
884 0.000000
885 0.000000
886 0.000000
887 0.000000
888 0.000000
889 0.000000
890 0.000000
891 0.000000
892 0.000000
893 0.000000
894 0.000000
895 0.000000
896 0.000000
897 0.000000
898 0.000000
899 0.000000
900 0.000000
901 0.000000
902 0.000000
903 0.000000
904 0.000000
905 0.000000
906 0.000000
907 0.000000
908 0.000000
909 0.000000
910 0.000000
911 0.000000
912 0.000000
913 0.000000
914 0.000000
915 0.000000
916 0.000000
917 0.000000
918 0.000000
919 0.000000
920 0.000000
921 0.000000
922 0.000000
923 0.000000
924 0.000000
925 0.000000
926 0.000000
927 0.000000
928 0.000000
929 0.000000
930 0.000000
931 0.000000
932 0.000000
933 0.000000
934 0.000000
935 0.000000
936 0.000000
937 0.000000
938 0.000000
939 0.000000
940 0.000000
941 0.000000
942 0.000000
943 0.000000
944 0.000000
945 0.000000
946 0.000000
947 0.000000
948 0.000000
949 0.000000
950 0.000000
951 0.000000
952 0.000000
953 0.000000
954 0.000000
955 0.000000
956 0.000000
957 0.000000
958 0.000000
959 0.000000
960 0.000000
961 0.000000
962 0.000000
963 0.000000
964 0.000000
965 0.000000
966 0.000000
967 0.000000
968 0.000000
969 0.000000
970 0.000000
971 0.000000
972 0.000000
973 0.000000
974 0.000000
975 0.000000
976 0.000000
977 0.000000
978 0.000000
979 0.000000
980 0.000000
981 0.000000
982 0.000000
983 0.000000
984 0.000000
985 0.000000
986 0.000000
987 0.000000
988 0.000000
989 0.000000
990 0.000000
991 0.000000
992 0.000000
993 0.000000
994 0.000000
995 0.000000
996 0.000000
997 0.000000
998 0.000000
999 0.000000
1000 0.000000
1001 0.000000
1002 0.000000
1003 0.000000
1004 0.000000
1005 0.000000
1006 0.000000
1007 0.000000
1008 0.000000
1009 0.000000
1010 0.000000
1011 0.000000
1012 0.000000
1013 0.000000
1014 0.000000
1015 0.000000
1016 0.000000
1017 0.000000
1018 0.000000
1019 0.000000
1020 0.000000
1021 0.000000
1022 0.000000
1023 0.000000
